1 89.7524104396
2 112.964531756
3 159.394687266
4 176.374480816
5 199.478592348
6 243.007353838
7 288.346306879
8 306.029283581
9 323.550190423
10 369.158641951
11 392.791647183
12 421.476878031
13 450.269901598
14 487.194427074
15 500.935837123
16 545.961409403
17 559.324318462
18 593.607269697
19 612.905576858
20 647.948658482
21 649.365539453
22 682.84313188
23 696.057951315
24 727.49027664
25 753.42111069
26 791.542819076
27 825.401883014
28 851.548563661
29 897.940074234
30 947.160151917
31 954.316179032
32 982.310962657
33 1000.27136485
34 1055.58496648
35 1102.25841728
36 1070.12747405
37 1108.9218173
38 1119.03553779
39 1154.09657226
40 1231.87465303
41 1191.05555283
42 1227.68200101
43 1242.36147193
44 1293.83111954
45 1363.1299333
46 1362.40078886
47 1360.60382115
48 1407.00303849
49 1436.23710961
50 1442.9468542
51 1510.85288453
52 1501.27571445
53 1539.03191271
54 1600.77414884
55 1609.65579807
56 1662.99519755
57 1582.77512865
58 1720.4585462
59 1774.53791736
60 1787.87936743